time,x,y,z,phi,theta,psi,x_velocity,y_velocity,z_velocity,phi_velocity,theta_velocity,psi_velocity,rotor_speed1,rotor_speed2,rotor_speed3,rotor_speed4
0.06,-7.80552806665e-07,-9.9472784752e-07,10.0013535627,6.28257985082,0.000475097354683,0.0,-5.57539118455e-05,-7.10521412134e-05,0.0451175690412,-0.0201821344395,0.0158368695216,0.0,418.2141059680951,419.59091576937993,420.2242471024986,418.4715178040952
0.12000000000000001,-1.99941722847e-05,-2.5858105423e-05,10.0099598857,6.28085070618,0.00168630505012,0.0,-0.000715459437497,-0.000938758141105,0.241737780948,-0.0374549795518,0.0245364433321,0.0,465.53008200257125,466.2101213081294,467.9206867718515,466.5742147963026
0.18,-9.7823210126e-05,-0.000130924431243,10.0247635769,6.27902604652,0.00298061391821,0.0,-0.00199887230259,-0.00273774441266,0.251715560708,-0.0233682951629,0.0186074867113,0.0,408.15275042571517,407.6234349847847,406.2960106903016,407.556254407377
0.23999999999999996,-0.000275193790366,-0.000377979627737,10.0404475026,6.27623247477,0.00365492921859,0.0,-0.00398747560301,-0.00570724911184,0.271076088658,-0.0697454265053,0.00386991884167,0.0,410.87594485541575,409.5674261315235,413.0207478597296,408.90964109879974
0.3,-0.000596348927635,-0.000890385514391,10.0611277883,6.27236866938,0.00403201845195,0.0,-0.00675337557236,-0.0118054023475,0.418220007785,-0.0590504480483,0.0086998176524,0.0,451.3591641996237,451.74863235675224,451.45247540171175,452.3112812152751
0.36000000000000004,-0.00108374733169,-0.00182316051012,10.0881192842,6.26878150029,0.0054103283519,0.0,-0.00959867915566,-0.0196318012894,0.481466862707,-0.0605215665609,0.0372429184368,0.0,423.6388647299381,426.0857259296479,425.7862081029139,425.65768556427867
0.4200000000000001,-0.00180996568663,-0.00339698048166,10.1256100424,6.26516540553,0.00646969007266,0.0,-0.0147958982068,-0.0332960826285,0.768068246337,-0.0600150244668,-0.00192884304965,0.0,494.78285546715557,491.8910811304711,492.4046543134606,492.43992551638456
0.48000000000000015,-0.0028500416515,-0.00583731491965,10.1776864421,6.26129110485,0.00624883759351,0.0,-0.0198506681933,-0.0484873678122,0.967655232428,-0.0691264441659,-0.00543301219976,0.0,467.1907469908799,466.9175462275027,469.5083665641523,468.798357118755
0.5400000000000001,-0.00417832934874,-0.00924971906404,10.2403315099,6.25768775512,0.00568699161813,0.0,-0.0243716896905,-0.0656720122923,1.12036638919,-0.0509889916135,-0.0132952637442,0.0,454.4589303519214,453.8284917742055,453.8074048881922,455.25796535028866
0.6000000000000002,-0.00577276415421,-0.0138084095076,10.3136091111,6.25457968956,0.00523839897332,0.0,-0.0287088364878,-0.0866408686976,1.32199895212,-0.0526129315419,-0.00165776160752,0.0,468.883148659446,469.7863915602702,469.48747193633943,469.3599180381914
0.6600000000000003,-0.00760221672194,-0.0196020585515,10.3956739383,6.2517855368,0.00533914790206,0.0,-0.0322757942236,-0.106771447333,1.41337680561,-0.0405273314657,0.00501629817394,0.0,435.6298009929934,436.1874541726765,435.59943825994753,436.60730991116947
0.7200000000000003,-0.009634137669,-0.0265701872183,10.4804540624,6.2494937441,0.00574291817778,0.0,-0.0354871270814,-0.12570356367,1.41262053602,-0.0358662985254,0.0084427593282,0.0,405.10940741888186,405.4172683456726,406.19334717066863,406.61017845185404
0.7800000000000004,-0.0118908833648,-0.03485513806,10.5693132461,6.24713578985,0.00646500956984,0.0,-0.0398065997985,-0.150701849249,1.54916650906,-0.0427314235478,0.0156269428803,0.0,449.7013603978567,450.28274250422896,451.19586082173055,450.6406383862362
0.8400000000000004,-0.0144343134614,-0.0447575899288,10.6681216452,6.24424915524,0.00680023701522,0.0,-0.0450348518146,-0.17969282659,1.74415518436,-0.0534882148229,-0.00445284156462,0.0,469.47920560899416,467.91866837716225,468.82444905064017,467.9868344865654
0.9000000000000005,-0.0172703054327,-0.0563183141727,10.7747954088,6.24094568871,0.00704804675691,0.0,-0.0495049416915,-0.205979159647,1.8115171431,-0.0566267837847,0.0127136512634,0.0,429.043125318349,430.4980171626146,429.6237849347444,429.35550821905207
0.9600000000000005,-0.0203848164953,-0.0695409522831,10.8859728749,6.23807617185,0.00735103454029,0.0,-0.0543565807979,-0.235073471009,1.89424823313,-0.0390266060941,-0.00261421662074,0.0,435.1650843559856,433.880112211339,434.43545430890237,435.9068895128067
1.0200000000000005,-0.0237987566263,-0.0845949771449,11.0028096027,6.23634318573,0.00704204563453,0.0,-0.0594135743588,-0.266919607064,2.00011753227,-0.0187413601089,-0.0076855351109,0.0,442.93100577952123,442.5138459372929,441.47509888478226,443.1451780135116
1.0800000000000005,-0.0275213050873,-0.101666225512,11.1275874509,6.23587346758,0.00732460982725,0.0,-0.0646732417595,-0.30218641093,2.15885016117,0.00308401619587,0.0171049783075,0.0,458.3247531532513,460.290719908206,458.33758412744515,460.06889682815665
1.1400000000000006,-0.0315671916889,-0.120855541509,11.2617904734,6.23609591755,0.00700513457585,0.0,-0.0702017206445,-0.337422223528,2.31427908858,0.00433101784217,-0.0277546865938,0.0,460.59807049971283,457.0367023842783,458.8680036745435,458.96691166760127
1.2000000000000006,-0.0359014790546,-0.141964087163,11.4012612219,6.23583132042,0.00505983951558,0.0,-0.0741071476336,-0.36620463869,2.33470206428,-0.0131513949526,-0.03708770806,0.0,417.05296068865385,416.2366055774739,417.1904205639301,415.6612079075851
1.2600000000000007,-0.0404467597781,-0.164949117823,11.5448763314,6.23357989677,0.00287693338383,0.0,-0.0771712447204,-0.400138154493,2.45221052886,-0.0618924051885,-0.0356759762817,0.0,446.93719270225006,447.05162919503266,450.89038817808273,446.9350144752114
1.3200000000000007,-0.0451316337215,-0.1900520862,11.6960401397,6.23000990107,0.00101205073937,0.0,-0.0787809742515,-0.43700183654,2.58626281874,-0.0571083950016,-0.0264875815954,0.0,453.6223985842016,454.35924063870016,453.0957732305072,453.4777131371967
1.3800000000000008,-0.0498745763895,-0.217466121606,11.8556579727,6.22665889233,6.2825832048,0.0,-0.0791416668842,-0.477151377947,2.73396142755,-0.0545923513938,-0.0273174694441,0.0,457.6446206318906,457.5784241936175,459.266022591791,459.463493281272
1.4400000000000008,-0.0546081238154,-0.24708776235,12.0193245134,6.22371634809,6.28125145508,0.0,-0.0785206977858,-0.510501976529,2.72159747393,-0.0434942639197,-0.0170747595877,0.0,407.56130465503634,408.47562107994594,406.9040387129564,407.89444232749645
1.5000000000000009,-0.0592639287781,-0.279355504879,12.1921458144,6.22071412181,6.28112092319,0.0,-0.076616890292,-0.565429967107,3.03828842018,-0.0565780611265,0.0127241634149,0.0,506.5460282385918,508.6844247969933,508.96283916081336,508.02449534300683
1.560000000000001,-0.0638263474096,-0.31444944919,12.3751663234,6.2167501,6.28223022999,0.0,-0.0755541250044,-0.60470985467,3.06229787242,-0.0755520240759,0.0242524324121,0.0,421.49648652411645,422.49157856301844,422.4718291648032,420.8294797519711
1.620000000000001,-0.0683477250337,-0.351925144317,12.5588646482,6.21262522063,0.000495609586922,0.0,-0.0752849490287,-0.644854425203,3.06094531908,-0.0619472494629,0.0241038019507,0.0,413.26038929129584,413.24741218918456,413.273418010685,414.4665865440458
1.680000000000001,-0.0728810839066,-0.392088960985,12.7453870047,6.20880454711,0.00213427731479,0.0,-0.0759865282401,-0.694308532742,3.15616380817,-0.0654078121517,0.03051805413,0.0,445.14185927675464,445.66659183365897,444.92139652434463,444.63508930061624
1.740000000000001,-0.0774935385877,-0.435384035596,12.9387196259,6.20440128527,0.00367240306978,0.0,-0.0779358613252,-0.749289513851,3.28783150062,-0.0813637815726,0.0207534472951,0.0,457.8678906784155,457.09053103300624,457.2414795430556,455.9648203155929
1.8000000000000012,-0.0822407187391,-0.481794230886,13.1364009376,6.19956098095,0.00498369855094,0.0,-0.0804185871535,-0.798151471159,3.30145104704,-0.079980084659,0.022956302237,0.0,420.6822987284524,420.8730408246058,419.7683771768741,419.8827377891807
1.8600000000000012,-0.0871557004106,-0.531130273498,13.3337885392,6.19540221924,0.00672667519013,0.0,-0.0835506124747,-0.846761011071,3.27815145797,-0.0586506341641,0.0351420894239,0.0,407.4076443172917,408.4960445230196,407.16239015057096,409.06161217575857
1.9200000000000013,-0.0923072382544,-0.583661084777,13.5321262093,6.19164837536,0.00907381193185,0.0,-0.088382864174,-0.904609084396,3.33288873878,-0.066475913109,0.043094934567,0.0,434.0268339538261,434.6945313933819,433.8954153021101,433.23514629481474
1.9800000000000013,-0.0978031083589,-0.63983077035,13.7347355261,6.18746555903,0.0105598460951,0.0,-0.0949963790089,-0.968109229306,3.42042701608,-0.0729498052517,0.00644250745311,0.0,445.82992355517246,442.82541279141583,445.7338217709255,445.20086909930836
2.0400000000000014,-0.103686863554,-0.699599232745,13.939495111,6.18290719138,0.0110648998507,0.0,-0.101168846911,-1.02456750481,3.4048746327,-0.0789942241225,0.0103926515718,0.0,412.24963181953916,412.59843428202447,411.6012086074916,411.0609876807405
2.1000000000000014,-0.109980564718,-0.763096762653,14.1458757015,6.17816165406,0.0125496994096,0.0,-0.108735810515,-1.09246614159,3.47418508978,-0.0791902999576,0.0390995740763,0.0,438.3253862655428,440.7047505862323,440.271066137832,440.2497749201779
2.1600000000000015,-0.11678111122,-0.830898218842,14.3576561608,6.17299130028,0.0160809778202,0.0,-0.118270464229,-1.1680749955,3.58471776899,-0.0931507737028,0.078603177375,0.0,450.9596393936952,454.1413549838951,454.9685757464065,453.8438155818746
2.2200000000000015,-0.124236593182,-0.903366351198,14.57621247,6.16794803627,0.0200167810371,0.0,-0.130678499533,-1.24804110451,3.7000051879,-0.0749635396527,0.0525963737065,0.0,457.65521288978954,455.5840542813977,454.45593611789764,455.90537526923146
2.2800000000000016,-0.132493049683,-0.980604331613,14.80052444,6.16375296905,0.0239380816188,0.0,-0.144894148697,-1.32696301113,3.77670113725,-0.0648744793138,0.0781085249855,0.0,443.78067581651413,445.8727077139853,444.4969995528396,445.31914586469736
2.3400000000000016,-0.141704213591,-1.06275583428,15.0301951013,6.1599455713,0.0282667824988,0.0,-0.162592822811,-1.41178317669,3.87852954335,-0.0620393782537,0.066184506685,0.0,454.08428971782047,453.13085277446163,453.29144341604047,453.5163358723762
2.4000000000000017,-0.152017121684,-1.14986885059,15.2642707399,6.15573515308,0.0328563355597,0.0,-0.181579400597,-1.49235797041,3.92371968891,-0.0783042129648,0.0867954711103,0.0,435.6239548410417,437.3484585720842,437.31206501014094,435.95150976538764
2.4600000000000017,-0.163667428969,-1.24230823928,15.5041935137,6.15169722173,0.0377693288026,0.0,-0.207295922997,-1.58936415744,4.0730268555,-0.0562987393768,0.0769737982708,0.0,469.9894423615539,469.2328329377663,468.64842021734836,470.35225744760515
2.520000000000002,-0.177017342906,-1.34082524102,15.7543222757,6.14855031218,0.0421240133887,0.0,-0.238188009537,-1.69482902293,4.26374581271,-0.048599545261,0.0681845473179,0.0,482.7332791076457,482.0733554037789,483.66424120326525,484.2421416119465
2.580000000000002,-0.192322975429,-1.44574503324,16.0158697902,6.14618168441,0.0469676404171,0.0,-0.272498717718,-1.80270865512,4.45362316062,-0.0303569798468,0.0932631879347,0.0,483.4716445329761,485.3617956858085,484.1435338895689,485.51342735879945
2.640000000000002,-0.209563544616,-1.55650200046,16.2837929476,6.14543905857,0.0522960927352,0.0,-0.302675405767,-1.88930243846,4.47695142671,0.00560164456569,0.0843547123003,0.0,435.33195546945035,434.5928291958409,434.00157004129574,437.009560897733
2.700000000000002,-0.228804957332,-1.67271203774,16.5548509185,6.14536064368,0.0568489265589,0.0,-0.339157049005,-1.98434428502,4.55789317287,-0.00821592595924,0.0674109832919,0.0,455.2453458215111,453.89222647427584,453.9065623409906,452.7961751756792
2.760000000000002,-0.250485008253,-1.79501818916,16.8335165383,6.1454239264,0.0607326489108,0.0,-0.383913387428,-2.09247249237,4.73013407097,0.0103259179312,0.0620475863617,0.0,482.85032695491765,482.448308203515,481.505575347049,482.90643962977197
2.820000000000002,-0.274870461741,-1.923665269,17.1214197628,6.14569326329,0.0639724443683,0.0,-0.429263183917,-2.19567692939,4.86595786758,-0.00134823371126,0.0459485094228,0.0,473.7281413719457,472.4904520214935,473.8936850337548,472.9952695796798
2.880000000000002,-0.302077419913,-2.05857846476,17.4179557741,6.14535243685,0.0669051839793,0.0,-0.477905137034,-2.30139997171,5.01778674717,-0.0100128846844,0.0518086238196,0.0,479.1545742214404,479.6011404539213,479.78955455357834,479.13125305182587
2.940000000000002,-0.331967512713,-2.19923808741,17.7191573159,6.14466190441,0.0701065362169,0.0,-0.518707435784,-2.38734837674,5.02213636461,-0.0130048564575,0.0549025970314,0.0,434.69676523684825,434.9578919570779,436.0366655963073,435.7867225758034
3.000000000000002,-0.364487485544,-2.34531987455,18.0223465205,6.14364606603,0.0730805732181,0.0,-0.565566611975,-2.48213444417,5.08376080343,-0.0208562695138,0.0442336869403,0.0,455.1051691872758,454.2519237710131,453.4779575617199,452.846833473848
3.0600000000000023,-0.400129694817,-2.49759822655,18.3326223982,6.14251717963,0.0760260059619,0.0,-0.622765339467,-2.59386608479,5.25779749253,-0.0167734100479,0.0539460127314,0.0,488.3987535357752,489.1238431787194,488.30090779375485,488.60550849587764
3.1200000000000023,-0.438998216641,-2.65611231229,18.649770165,6.14115157175,0.0792017829319,0.0,-0.673134078971,-2.69005941632,5.31337889168,-0.0287463767053,0.0519135620143,0.0,455.7800157789584,455.61930858686145,454.63081732342005,453.6703288018109
3.1800000000000024,-0.481001802783,-2.82052684343,18.9708749974,6.14035908827,0.082098468135,0.0,-0.727245273746,-2.79052499829,5.3895896395,0.00232933561485,0.0446437238453,0.0,462.66770570899996,462.096310242296,460.76906412428866,463.21970486420224
3.2400000000000024,-0.526222868063,-2.99084492389,19.2955214409,6.14097122063,0.083888425916,0.0,-0.78029974324,-2.88673067325,5.43164174996,0.0180752732181,0.0150243559401,0.0,454.01354136605505,451.63096053203117,451.7818955089426,453.0498363488578
3.3000000000000025,-0.574358356601,-3.16643289771,19.6191688897,6.14221878081,0.0850549007012,0.0,-0.824330988604,-2.96623441431,5.35690800005,0.0235098560439,0.023857863165,0.0,414.9821947098533,415.7570037831845,414.39700693077305,414.87455497862754
3.3600000000000025,-0.625816948506,-3.34786686137,19.9459521253,6.14373860004,0.0877298957841,0.0,-0.891134696384,-3.08133957401,5.53487395831,0.0271505932025,0.0653043284625,0.0,491.9971146458332,495.05736249338736,493.27021923219394,493.53907301692226
3.4200000000000026,-0.681202076526,-3.53595016758,20.2817013317,6.14470426296,0.0915825480605,0.0,-0.955387542498,-3.1879611426,5.65601512703,0.00503892262008,0.0631178769736,0.0,478.6149222400463,478.45118969353774,479.958124611487,478.2766709475463
3.4800000000000026,-0.740297437941,-3.73008927896,20.6222688807,6.14576128733,0.0952231769541,0.0,-1.01478179903,-3.28331028659,5.69589851994,0.0301949625529,0.058237399663,0.0,456.09371203353794,455.7062809075738,454.3618184341934,456.37449264441796
3.5400000000000027,-0.803078147711,-3.93001874826,20.9657671417,6.14733315389,0.0982345169663,0.0,-1.07818385292,-3.38088718576,5.75363048563,0.022201115522,0.042143276137,0.0,462.50937938528216,461.2415562182891,462.1160110698735,461.485489559489
3.6000000000000028,-0.869706477661,-4.13577170427,21.3125630343,6.1480430284,0.101880640823,0.0,-1.14304380881,-3.47749891464,5.80582155951,0.0014617264704,0.079387741766,0.0,459.0559370843722,462.0044732814592,462.2719772625129,460.63440794474207
3.660000000000003,-0.939781032971,-4.34664598332,21.6574497374,6.14763889334,0.106505031727,0.0,-1.1931666765,-3.55181940034,5.69086675468,-0.0149332749234,0.0747598650529,0.0,407.6325577977168,407.2241115817313,407.517851580391,406.049375736354
3.720000000000003,-1.01328411193,-4.56244877772,21.9986739288,6.14636325108,0.111642624217,0.0,-1.25736111495,-3.641778209,5.6831053523,-0.0275877048974,0.0964870662624,0.0,440.69301045016556,442.4912153416039,443.10596784622555,442.0642517953948
3.780000000000003,-1.09106634563,-4.78409224891,22.3423249296,6.1443710231,0.11736806379,0.0,-1.33589581066,-3.74651850831,5.77117853701,-0.0388189938858,0.0943616334563,0.0,471.7856827212004,471.6287493486669,473.4759717900531,472.61064642086825
3.840000000000003,-1.1729134805,-5.01118484212,22.6848635956,6.1428003551,0.122817465947,0.0,-1.39279830811,-3.82352215207,5.64721709284,-0.0135386466519,0.0872874049679,0.0,404.51573667974253,403.8860851540597,404.68132914007373,406.9506882461183
3.900000000000003,-1.25880341031,-5.24355585758,23.0243442937,6.14297236172,0.127168950232,0.0,-1.47060313538,-3.92226079593,5.66847606062,0.0192728481573,0.0577698727893,0.0,453.72552985522225,451.3537424312134,450.9330357587356,453.57642009907255
3.960000000000003,-1.34949563091,-5.48192485654,23.3655154386,6.14468784115,0.130680447181,0.0,-1.55277270823,-4.023311447,5.7035482813,0.0379087210002,0.0592797417658,0.0,456.5931583779263,456.7158827310633,457.3161108606605,458.7985573303202
4.020000000000002,-1.44541132128,-5.72657964387,23.7104610996,6.14764656909,0.134071455201,0.0,-1.64470407619,-4.13162705451,5.7940134849,0.0607124406058,0.0537548724399,0.0,474.85736671898746,474.43531668061695,474.52215450343726,476.2709185708202
4.080000000000001,-1.5464954741,-5.97728154897,24.0577590622,6.15091842631,0.137293242896,0.0,-1.72506340048,-4.2249583748,5.78255252869,0.0483517161062,0.0536380706291,0.0,444.88273395742533,444.87506927658495,444.79577854914896,443.7842975547087
4.14,-1.65227871882,-6.23338606727,24.403059794,6.15324039866,0.14038717696,0.0,-1.80134686631,-4.3118328782,5.72765742591,0.0290497686142,0.0494937515545,0.0,430.3718156113561,430.0226790971318,431.59200454159577,429.9604468055981
4.199999999999998,-1.76347995481,-6.49541560907,24.7505725519,6.15523195614,0.142468041875,0.0,-1.90552201745,-4.42231804278,5.85523940906,0.037334809892,0.0198717286253,0.0,488.0450900562068,485.82939188310314,486.7921095817964,487.41208252701335
4.259999999999997,-1.88025871566,-6.76342504072,25.1007872626,6.15755518225,0.142598652524,0.0,-1.98719353927,-4.51131268979,5.81870249577,0.0401057566614,-0.0155183101963,0.0,439.38833118802285,436.44375543152216,437.9340225240663,438.16523481709413
4.319999999999996,-2.00172349935,-7.03657744463,25.4473017552,6.15992780139,0.141302814543,0.0,-2.06164515201,-4.59380531701,5.73221508634,0.0389816788137,-0.0276758432796,0.0,421.251124201146,420.1982365579158,421.42526719557867,421.328962456938
4.379999999999995,-2.12777690492,-7.31479280686,25.7895657492,6.162032637,0.140017230619,0.0,-2.14010104244,-4.68006223344,5.67684226102,0.0311803092322,-0.015177600498,0.0,429.7241006542859,430.7824232805711,431.1266821766222,430.4675088630523
4.439999999999993,-2.25899226594,-7.59858212038,26.1317912971,6.16428586279,0.138691451675,0.0,-2.23362400593,-4.7795026416,5.73032104948,0.0439259840196,-0.0290145499826,0.0,465.3384791532572,464.2538593326283,464.1657208026654,465.16561488782787
4.499999999999992,-2.39560624608,-7.88816316126,26.4758412259,6.16611217995,0.137153839484,0.0,-2.32006833103,-4.87317370043,5.73792191053,0.0169538340366,-0.0222396180652,0.0,450.84430400108533,451.39134246378416,452.23763604787916,450.0598939852749
4.559999999999991,-2.537569901,-8.18352238998,26.8216578115,6.1680428544,0.134481600277,0.0,-2.41184756857,-4.97211148781,5.78896194012,0.0474000393125,-0.0668304170217,0.0,467.3301069467655,463.8398798274667,462.98051165914785,465.37055837523275
4.6199999999999894,-2.68494745007,-8.48477528151,27.1702109927,6.17024055102,0.129930897746,0.0,-2.5003608496,-5.06958696951,5.82928085545,0.0258590085888,-0.0848552496555,0.0,462.8470539065134,461.4220473945088,463.0442423340885,461.3469515615729
4.679999999999988,-2.83731263744,-8.79166142419,27.5192984979,6.17224697872,0.124552534372,0.0,-2.57812171157,-5.15999619733,5.80713241593,0.041020700213,-0.0944205966874,0.0,443.2129345553036,442.4194042989803,442.37271520151216,443.62008767985776
4.739999999999987,-2.99378572108,-9.10354834204,27.8632249187,6.17487419417,0.119055013562,0.0,-2.63747131502,-5.23636232735,5.65799633749,0.0465524281296,-0.0888319246065,0.0,399.92282606870515,400.4234325565673,398.7014258221969,399.20789231343576
4.799999999999986,-3.15392107859,-9.42016553121,28.1995286326,6.177450558,0.11388160372,0.0,-2.70015073176,-5.31762416967,5.5527883779,0.0393273373514,-0.0836166589154,0.0,412.94227581219025,413.3952921964104,412.8155031028755,412.17857182989
4.859999999999984,-3.3180872016,-9.74196731604,28.5324085837,6.17998907197,0.108769704429,0.0,-2.77170592893,-5.40910383678,5.54334218272,0.0452890717111,-0.0867790565634,0.0,442.7168167604463,442.4505668057262,443.5339827474631,444.0243612293365
4.919999999999983,-3.48647458328,-10.0692550428,28.8647317088,6.18274857847,0.104274301475,0.0,-2.84089058875,-5.50047357804,5.53423603869,0.0466942829907,-0.0630741153878,0.0,441.8875799772088,443.8327967009002,443.0643909108908,443.1811623590706
4.979999999999982,-3.65926522593,-10.4023193865,29.1995098654,6.18603255005,0.0994437039488,0.0,-2.91838166296,-5.60153471783,5.62465137887,0.0627688351177,-0.0979370234362,0.0,473.86924015283034,471.1770170384576,473.8686080330773,475.1044982238024
5.0399999999999805,-3.83647829587,-10.7412887198,29.5383275658,6.18955403137,0.0929388119736,0.0,-2.98820878277,-5.69732476899,5.66920487058,0.0546154610727,-0.118884910804,0.0,461.6666323607471,460.00122326003583,460.0477545344597,459.4039938205118
